0 52
0 56
0 176
0 197
0 501
0 511
0 531
0 645
0 751
0 814
0 863
0 901
0 940
1 90
1 179
1 222
1 271
1 421
1 423
1 816
1 857
1 913
1 920
1 923
1 930
1 983
2 57
2 94
2 101
2 203
2 204
2 323
2 338
2 341
2 366
2 409
2 467
2 506
2 510
2 599
2 641
3 193
3 331
3 385
3 618
3 669
3 798
3 830
3 931
4 36
4 114
4 163
4 215
4 651
4 833
4 898
5 274
5 321
5 384
5 393
5 528
5 686
5 733
5 762
5 838
6 332
6 355
6 383
6 402
6 691
6 715
6 868
6 896
6 915
7 12
7 86
7 110
7 211
7 237
7 340
7 661
7 691
7 714
7 739
7 934
8 41
8 159
8 280
8 410
8 454
8 457
8 485
8 747
8 779
8 940
9 203
9 287
9 341
9 371
9 906
9 977
10 139
10 232
10 418
10 498
10 508
10 521
10 667
10 883
10 948
10 985
11 25
11 105
11 108
11 273
11 275
11 329
11 391
11 439
11 443
11 457
11 514
11 623
11 669
12 7
12 265
12 283
12 523
12 543
12 731
12 815
12 826
12 839
13 32
13 35
13 199
13 351
13 549
13 585
13 680
13 819
13 828
13 839
13 913
14 280
14 285
14 286
14 303
14 336
14 384
14 402
14 485
14 547
14 587
14 597
14 921
15 241
15 335
15 384
15 429
15 454
15 714
15 738
15 873
15 888
15 929
15 951
15 995
16 25
16 77
16 486
16 579
16 601
16 615
16 627
16 793
16 806
16 892
16 911
16 988
17 145
17 165
17 184
17 234
17 407
17 460
17 492
17 574
17 590
17 654
17 806
17 845
17 907
18 47
18 115
18 157
18 220
18 394
18 604
18 670
18 907
19 66
19 77
19 300
19 323
19 722
19 756
19 977
19 993
20 239
20 240
20 250
20 316
20 330
20 459
20 755
20 756
20 803
20 993
21 49
21 705
21 709
21 803
21 930
21 982
22 64
22 268
22 328
22 522
22 549
22 625
22 715
22 751
23 216
23 347
23 369
23 470
23 557
23 609
23 696
23 783
23 815
23 966
24 177
24 202
24 292
24 366
24 480
24 649
24 761
24 951
24 993
24 996
25 11
25 16
25 251
25 303
25 340
25 420
25 477
25 650
25 884
26 86
26 102
26 276
26 371
26 588
26 715
26 725
26 847
26 898
26 962
26 976
27 62
27 72
27 163
27 222
27 230
27 258
27 313
27 403
27 449
27 565
27 678
27 832
27 900
28 111
28 117
28 293
28 320
28 328
28 436
28 499
28 743
28 785
28 804
28 903
28 921
29 217
29 667
29 863
29 959
30 56
30 127
30 201
30 363
30 405
30 827
30 850
30 965
31 35
31 146
31 162
31 256
31 257
31 361
31 411
31 459
31 539
31 608
31 751
31 801
32 13
32 257
32 356
32 401
32 781
32 823
32 949
32 982
33 39
33 306
33 400
33 471
34 225
34 255
34 352
34 373
34 433
34 534
34 598
34 624
34 665
34 686
34 733
34 746
34 799
35 13
35 31
35 308
35 413
35 574
35 576
35 895
35 944
36 4
36 59
36 174
36 199
36 221
36 386
36 822
36 899
36 969
37 50
37 110
37 162
37 287
37 363
37 634
37 980
37 986
38 161
38 217
38 283
38 521
38 837
39 33
39 384
39 562
39 580
39 681
39 710
39 772
39 807
39 939
39 941
40 89
40 104
40 296
40 351
40 384
40 838
40 854
40 866
41 8
41 100
41 141
41 279
41 308
41 332
41 733
41 818
41 896
41 945
42 87
42 135
42 136
42 332
42 401
42 502
42 548
42 581
42 627
42 857
42 978
43 86
43 92
43 171
43 217
43 292
43 340
43 380
43 424
43 476
43 481
43 608
43 671
43 734
43 909
43 985
44 73
44 157
44 668
44 791
44 988
45 46
45 54
45 155
45 305
45 394
45 403
45 464
45 869
45 954
46 45
46 129
46 352
46 547
46 973
47 18
47 148
47 183
47 357
47 437
47 898
48 52
48 159
48 245
48 592
48 703
48 788
48 931
49 21
49 187
49 206
49 297
49 359
49 366
49 555
49 643
49 781
49 870
50 37
50 52
50 53
50 66
50 153
50 305
50 545
50 593
50 649
50 705
50 722
50 920
50 969
51 232
51 235
51 271
51 277
51 426
51 446
51 622
51 812
51 843
51 889
51 897
51 906
51 918
51 954
52 0
52 48
52 50
52 183
52 297
52 537
52 555
52 565
52 573
52 767
52 890
53 50
53 197
53 217
53 251
53 275
53 502
53 646
53 831
53 863
53 985
54 45
54 487
54 703
54 766
54 933
55 103
55 191
55 355
55 357
55 426
55 434
55 448
55 552
55 604
55 676
55 680
55 696
55 742
55 761
55 775
55 887
55 965
56 0
56 30
56 247
56 251
56 393
56 418
56 654
56 718
56 828
56 990
57 2
57 376
57 489
57 779
57 978
58 102
58 110
58 354
58 430
58 848
58 909
58 950
59 36
59 66
59 292
59 329
59 349
59 372
59 402
59 463
59 517
59 702
59 707
59 906
59 907
60 141
60 239
60 404
60 598
60 827
61 280
61 340
61 455
61 469
61 505
61 564
61 590
61 620
61 686
61 927
61 941
62 27
62 233
62 241
62 379
62 401
62 489
62 538
62 562
62 712
62 769
62 865
62 963
63 115
63 242
63 288
63 346
63 379
63 476
63 493
63 727
63 779
63 795
63 830
63 866
63 968
64 22
64 88
64 128
64 175
64 211
64 411
64 506
64 574
64 598
64 787
64 788
64 799
64 843
64 875
64 883
65 129
65 173
65 193
65 429
65 575
65 750
66 19
66 50
66 59
66 72
66 105
66 146
66 223
66 234
66 318
66 382
66 403
66 446
66 608
66 695
66 733
66 785
66 807
66 999
67 134
67 215
67 408
67 416
67 934
68 222
68 287
68 387
68 435
68 569
68 729
68 739
68 947
68 972
69 77
69 144
69 200
69 320
69 630
69 651
69 807
69 916
70 516
70 559
70 587
70 627
70 641
70 733
70 772
71 109
71 119
71 188
71 226
71 318
71 351
71 382
71 512
71 671
71 830
71 867
72 27
72 66
72 147
72 211
72 314
72 443
72 469
72 803
72 852
72 979
73 44
73 164
73 213
73 253
73 287
73 307
73 459
73 473
73 561
73 664
73 940
74 175
74 191
74 196
74 238
74 250
74 329
74 408
74 464
74 482
74 496
74 509
74 605
74 860
75 296
75 325
75 585
75 637
75 800
75 816
75 827
75 903
75 945
76 234
76 261
76 675
76 720
76 869
76 870
76 893
76 966
76 971
77 16
77 19
77 69
77 168
77 178
77 379
77 523
77 560
77 593
77 741
77 788
77 815
78 116
78 141
78 434
78 491
78 651
78 748
78 767
79 94
79 248
79 359
79 402
79 503
79 586
79 685
79 796
79 852
80 159
80 211
80 253
80 416
80 517
80 715
80 824
80 971
81 83
81 102
81 210
81 375
81 473
81 598
81 613
81 855
81 948
82 131
82 150
82 204
82 210
82 244
82 278
82 347
82 559
82 737
82 755
82 802
82 923
83 81
83 165
83 470
83 514
83 532
83 609
83 633
83 836
83 876
83 883
83 886
83 904
83 957
84 123
84 200
84 245
84 313
84 326
84 365
84 496
84 547
84 553
84 618
84 754
84 856
84 894
85 87
85 123
85 153
85 154
85 197
85 224
85 240
85 262
85 465
85 472
85 487
85 511
85 582
85 600
86 7
86 26
86 43
86 90
86 148
86 213
86 217
86 519
86 572
86 723
86 734
86 768
87 42
87 85
87 131
87 158
87 172
87 192
87 261
87 579
87 654
87 708
87 833
87 919
88 64
88 182
88 185
88 231
88 637
88 784
88 871
89 40
89 140
89 216
89 448
89 500
89 623
89 630
89 750
89 754
89 791
89 846
90 1
90 86
90 341
90 428
90 595
90 720
90 758
90 882
90 910
91 97
91 159
91 228
91 270
91 379
91 516
91 546
91 811
92 43
92 147
92 169
92 202
92 221
92 328
92 486
92 487
92 822
92 825
92 858
92 899
93 137
93 166
93 336
93 339
93 573
93 686
93 780
93 786
93 818
93 915
93 946
94 2
94 79
94 111
94 176
94 183
94 226
94 333
94 530
94 594
94 793
94 914
94 925
95 224
95 226
95 241
95 348
95 376
95 398
95 555
95 582
95 587
95 673
95 716
95 737
95 797
95 936
95 964
95 987
95 995
96 364
96 434
96 536
96 870
96 941
96 958
97 91
97 146
97 155
97 202
97 278
97 308
97 315
97 355
97 422
97 450
97 700
97 807
97 837
97 881
97 957
98 167
98 244
98 277
98 562
98 662
98 679
98 738
98 938
98 992
99 264
99 447
99 507
99 562
99 741
99 763
99 787
99 882
99 908
99 969
99 977
99 986
100 41
100 131
100 188
100 198
100 283
100 364
100 581
100 749
101 2
101 113
101 117
101 462
101 566
101 567
101 767
101 926
102 26
102 58
102 81
102 160
102 162
102 186
102 420
102 482
102 600
102 667
102 875
102 928
102 944
103 55
103 253
103 331
103 341
103 354
103 405
103 414
103 524
103 573
103 671
103 711
103 752
104 40
104 239
104 284
104 320
104 323
104 514
104 539
105 11
105 66
105 308
105 339
105 399
105 729
105 847
106 170
106 407
106 448
106 679
106 871
107 545
107 609
107 702
107 800
107 845
107 870
107 949
108 11
108 225
108 319
108 347
108 457
108 689
108 818
109 71
109 166
109 320
109 537
109 550
109 598
109 861
109 973
110 7
110 37
110 58
110 247
110 300
110 806
110 839
110 918
110 941
110 969
110 987
111 28
111 94
111 395
111 470
111 524
111 658
111 684
111 708
111 726
111 731
111 787
111 798
111 823
112 118
112 123
112 141
112 174
112 382
112 560
112 779
112 805
112 842
113 101
113 224
113 875
113 936
114 4
114 136
114 189
114 400
114 483
114 916
114 999
115 18
115 63
115 129
115 147
115 301
116 78
116 144
116 334
116 409
116 520
116 620
116 642
116 749
116 976
116 987
117 28
117 101
117 153
117 160
117 277
117 365
117 392
117 413
117 474
117 500
117 747
117 775
117 799
117 968
117 986
118 112
118 245
118 332
118 497
118 536
118 551
118 574
118 648
118 736
118 866
118 933
119 71
119 163
119 178
119 390
119 438
119 593
120 249
120 273
120 327
120 411
120 535
120 596
120 737
120 739
120 874
120 891
121 211
121 402
121 420
121 560
121 639
121 641
121 731
121 742
121 925
121 947
122 248
122 313
122 340
122 453
122 500
122 665
122 678
122 823
122 926
122 947
123 84
123 85
123 112
123 181
123 249
123 339
123 369
123 384
123 493
123 633
123 640
123 706
123 769
123 974
124 205
124 383
124 462
124 482
124 641
124 696
124 725
124 767
125 259
125 265
125 378
125 741
125 782
125 920
125 974
126 205
126 294
126 528
126 585
126 621
126 792
127 30
127 225
127 288
127 373
127 611
127 692
127 786
127 951
127 995
128 64
128 155
128 323
128 407
128 430
128 453
128 494
128 530
128 737
128 748
128 828
129 46
129 65
129 115
129 176
129 536
129 598
129 636
129 684
129 756
129 950
129 993
130 169
130 221
130 311
130 351
130 594
130 676
130 796
130 873
130 917
130 941
131 82
131 87
131 100
131 367
131 515
131 558
131 605
131 687
131 726
131 851
131 870
131 923
132 343
132 505
132 745
132 755
132 793
132 833
132 862
133 163
133 168
133 248
133 385
133 683
133 888
134 67
134 185
134 214
134 276
134 296
134 361
134 445
134 448
134 450
134 554
134 599
134 945
135 42
135 342
135 444
135 541
135 706
136 42
136 114
136 166
136 179
136 202
136 423
136 444
136 499
136 746
136 791
136 839
137 93
137 337
137 342
137 358
137 374
137 422
137 468
137 515
137 665
137 668
137 768
137 842
137 845
137 848
137 907
138 284
138 403
138 715
138 844
139 10
139 414
139 652
139 755
139 873
139 958
140 89
140 157
140 230
140 296
140 403
140 484
140 634
140 764
140 816
140 842
141 41
141 60
141 78
141 112
141 345
141 418
141 530
141 567
141 628
141 937
141 941
141 944
142 341
142 557
142 566
142 737
142 794
143 400
143 606
143 644
143 665
143 822
143 983
144 69
144 116
144 174
144 234
144 264
144 274
144 425
144 467
144 492
144 619
144 796
144 800
144 980
145 17
145 274
145 280
145 391
145 477
145 582
145 869
146 31
146 66
146 97
146 202
146 305
146 433
146 670
146 682
146 706
146 714
146 775
146 883
147 72
147 92
147 115
147 155
147 191
147 211
147 213
147 218
147 269
147 279
147 300
147 402
147 440
147 823
147 896
147 948
147 955
148 47
148 86
148 304
148 523
148 533
148 567
148 583
148 640
148 650
148 658
148 662
148 786
148 909
148 928
148 961
148 971
148 989
149 266
149 380
149 495
149 532
149 568
149 725
149 743
149 770
149 812
149 866
149 923
150 82
150 170
150 407
150 422
150 493
150 515
150 692
150 939
150 980
150 997
151 276
151 282
151 383
151 593
151 675
151 965
152 295
152 574
152 579
152 883
152 893
152 951
153 50
153 85
153 117
153 198
153 205
153 254
153 444
153 457
153 601
153 726
153 861
153 891
153 915
153 968
153 985
154 85
154 326
154 338
154 351
154 405
154 483
154 489
154 508
154 728
154 806
154 828
154 834
154 849
155 45
155 97
155 128
155 147
155 161
155 329
155 451
155 476
155 502
155 527
155 555
155 588
155 604
155 669
155 732
155 882
156 202
156 531
156 597
156 754
156 822
156 945
157 18
157 44
157 140
157 167
157 482
157 513
157 530
157 559
157 839
157 963
157 967
158 87
158 194
158 219
158 375
158 535
158 595
158 659
158 773
158 783
158 786
158 789
158 791
158 796
159 8
159 48
159 80
159 91
159 322
159 433
159 440
159 483
159 756
159 778
159 812
159 818
159 956
159 957
160 102
160 117
160 372
160 445
160 494
160 623
160 663
160 772
160 811
160 953
160 971
161 38
161 155
161 193
161 278
161 319
161 454
161 645
162 31
162 37
162 102
162 270
162 393
162 474
162 665
162 674
162 740
162 742
162 790
162 854
162 926
162 963
163 4
163 27
163 119
163 133
163 278
163 405
163 577
163 628
163 633
163 663
163 827
163 930
164 73
164 181
164 313
164 372
164 384
164 836
165 17
165 83
165 372
165 409
165 867
165 881
165 887
165 912
165 991
166 93
166 109
166 136
166 378
166 425
166 451
166 650
166 664
166 935
167 98
167 157
167 280
167 337
167 597
167 688
167 711
167 749
167 784
167 939
167 989
168 77
168 133
168 197
168 280
168 360
168 627
168 756
169 92
169 130
169 375
169 448
169 640
169 671
169 688
169 726
170 106
170 150
170 213
170 604
170 674
170 709
170 716
170 941
171 43
171 227
171 237
171 338
171 911
172 87
172 420
172 581
172 940
173 65
173 244
173 359
173 393
173 425
173 428
173 449
173 563
173 877
173 884
173 885
174 36
174 112
174 144
174 613
174 678
174 948
174 949
175 64
175 74
175 210
175 213
175 223
175 242
175 274
175 301
175 302
175 388
175 417
175 476
175 522
176 0
176 94
176 129
176 216
176 221
176 261
176 326
176 418
176 425
176 441
176 456
176 611
176 640
176 705
176 842
176 935
176 936
176 982
177 24
177 258
177 395
177 623
177 635
177 644
177 691
177 730
177 851
178 77
178 119
178 188
178 334
178 410
178 569
178 577
178 618
178 628
178 665
178 805
178 842
178 921
178 942
179 1
179 136
179 265
179 337
179 356
179 523
179 712
179 781
179 783
179 936
180 253
180 476
180 491
180 617
180 631
180 793
180 852
180 947
180 958
181 123
181 164
181 357
181 547
181 609
181 781
181 916
181 941
182 88
182 305
182 320
182 416
182 516
182 543
182 563
182 571
182 755
182 974
183 47
183 52
183 94
183 246
183 248
183 298
183 329
183 452
183 550
183 581
183 670
183 676
183 708
183 881
184 17
184 203
184 244
184 483
184 521
184 554
185 88
185 134
185 298
185 654
185 669
185 680
185 842
185 968
186 102
186 213
186 347
186 549
186 552
186 644
186 702
186 726
186 737
186 845
187 49
187 496
187 731
187 733
187 742
187 790
187 800
188 71
188 100
188 178
188 355
188 518
188 533
188 534
188 539
188 626
188 630
188 638
188 813
188 835
188 896
189 114
189 205
189 355
189 483
189 496
189 507
189 625
189 681
189 783
189 820
189 990
190 243
190 292
190 312
190 321
190 421
190 672
190 822
191 55
191 74
191 147
191 343
191 459
191 596
191 624
191 643
191 658
191 666
191 679
191 726
191 801
192 87
192 253
192 307
192 371
192 433
192 445
192 559
192 615
192 672
192 692
192 884
193 3
193 65
193 161
193 206
193 303
193 318
193 322
193 337
193 404
193 481
193 667
193 690
193 701
193 822
193 840
193 842
194 158
194 689
194 907
195 205
195 234
195 464
195 563
195 631
195 637
195 745
195 972
195 973
196 74
196 248
196 475
196 512
196 831
197 0
197 53
197 85
197 168
197 203
197 212
197 213
197 231
197 274
197 345
197 349
197 411
197 519
197 889
197 929
198 100
198 153
198 362
198 698
198 735
198 907
198 948
199 13
199 36
199 292
199 347
199 445
199 489
199 541
199 630
199 651
199 848
200 69
200 84
200 342
200 372
200 513
200 516
200 541
200 573
200 637
200 789
200 926
201 30
201 216
201 269
201 339
201 356
201 437
201 493
201 505
201 599
201 717
201 750
201 796
201 950
201 966
202 24
202 92
202 97
202 136
202 146
202 156
202 569
203 2
203 9
203 184
203 197
203 308
203 330
203 350
203 493
203 665
203 669
203 727
203 772
203 825
204 2
204 82
204 277
204 531
204 682
204 727
205 124
205 126
205 153
205 189
205 195
205 238
205 270
205 320
205 348
205 367
205 377
205 401
205 505
205 547
205 661
205 710
205 772
205 889
205 968
206 49
206 193
206 315
206 407
206 495
206 802
206 859
206 878
206 924
207 251
207 333
207 462
207 463
207 590
207 661
207 709
207 818
207 893
207 954
208 220
208 376
208 511
208 553
208 719
208 879
208 987
209 349
209 556
209 580
209 719
209 741
209 847
209 863
209 923
210 81
210 82
210 175
210 552
210 572
210 595
210 878
210 886
211 7
211 64
211 72
211 80
211 121
211 147
211 356
211 526
211 556
212 197
212 231
212 330
212 372
212 468
212 620
212 663
212 824
212 843
212 987
212 999
213 73
213 86
213 147
213 170
213 175
213 186
213 197
213 342
213 467
213 519
213 662
213 819
213 989
214 134
214 217
214 220
214 290
214 431
214 507
214 521
214 649
214 654
214 956
214 979
215 4
215 67
215 250
215 259
215 326
215 363
215 470
215 602
215 725
215 826
215 854
215 903
216 23
216 89
216 176
216 201
216 355
216 559
216 658
216 727
216 828
216 850
217 29
217 38
217 43
217 53
217 86
217 214
217 221
217 344
217 427
217 615
217 630
217 703
217 747
217 782
217 869
217 906
217 921
217 934
218 147
218 289
218 537
218 583
218 818
218 909
219 158
219 305
219 328
219 331
219 366
219 429
219 487
219 542
219 641
219 676
219 711
219 712
219 812
219 918
219 998
219 999
220 18
220 208
220 214
220 275
220 283
220 355
220 614
220 863
221 36
221 92
221 130
221 176
221 217
221 492
221 514
221 635
221 700
221 945
221 998
222 1
222 27
222 68
222 386
222 548
222 595
222 688
222 756
222 834
222 989
223 66
223 175
223 383
223 506
223 513
223 897
224 85
224 95
224 113
224 297
224 342
224 448
224 601
224 631
224 732
224 740
224 748
224 752
224 801
224 921
225 34
225 108
225 127
225 359
225 591
225 607
225 976
226 71
226 94
226 95
226 390
226 397
226 422
226 610
226 622
226 628
226 638
227 171
227 263
227 356
227 367
227 443
227 448
227 532
227 554
227 581
227 587
227 603
227 733
227 804
227 919
228 91
228 230
228 396
228 522
228 810
228 896
228 958
228 979
229 422
229 607
229 794
229 915
229 941
229 968
230 27
230 140
230 228
230 247
230 660
230 947
231 88
231 197
231 212
231 324
231 368
231 475
231 610
231 705
231 803
231 911
231 925
232 10
232 51
232 405
232 432
232 826
232 868
232 933
232 992
233 62
233 237
233 293
233 363
233 420
233 524
233 565
233 605
233 607
233 874
233 933
234 17
234 66
234 76
234 144
234 195
234 284
234 414
234 483
234 662
234 669
234 759
234 906
234 928
234 942
235 51
235 660
235 732
235 831
235 868
235 912
236 387
236 399
236 476
236 490
236 578
236 981
237 7
237 171
237 233
237 297
237 555
237 616
237 735
237 739
237 765
237 945
237 949
238 74
238 205
238 477
238 596
238 630
238 636
238 733
238 772
238 779
238 864
238 963
239 20
239 60
239 104
239 297
239 494
239 524
239 565
239 695
239 702
239 716
239 787
239 876
240 20
240 85
240 276
240 315
240 469
240 677
240 782
240 847
240 873
240 916
241 15
241 62
241 95
241 269
241 345
241 404
241 578
241 832
241 919
241 929
241 967
242 63
242 175
242 340
242 367
242 494
242 535
242 611
242 742
242 777
242 869
242 899
243 190
243 442
243 627
243 642
243 646
243 706
244 82
244 98
244 173
244 184
244 256
244 349
244 372
244 392
244 408
244 463
244 511
244 518
244 547
244 594
244 802
244 813
244 847
244 868
244 879
244 900
244 954
245 48
245 84
245 118
245 262
245 304
245 726
245 779
245 811
245 907
246 183
246 617
246 701
246 830
246 867
246 982
246 994
247 56
247 110
247 230
247 249
247 268
247 310
247 413
247 414
247 474
247 520
247 597
247 781
247 813
247 862
248 79
248 122
248 133
248 183
248 196
248 357
248 453
248 493
248 505
248 631
248 815
248 935
249 120
249 123
249 247
249 259
249 444
249 450
249 691
249 794
249 796
249 895
250 20
250 74
250 215
250 462
250 836
250 843
250 938
251 25
251 53
251 56
251 207
251 385
251 696
251 825
251 845
251 863
251 899
252 347
252 562
252 568
252 630
252 644
252 730
252 829
252 861
252 980
253 73
253 80
253 103
253 180
253 192
253 352
253 387
253 609
253 769
253 912
254 153
254 293
254 297
254 409
254 440
254 633
254 674
255 34
255 579
255 733
255 897
255 923
255 973
256 31
256 244
256 262
256 381
256 500
256 530
256 723
256 934
257 31
257 32
257 404
257 413
257 468
257 505
257 628
257 712
257 748
257 864
257 970
257 972
258 27
258 177
258 304
258 481
258 496
258 664
258 692
258 799
258 863
258 900
259 125
259 215
259 249
259 260
259 360
259 433
259 581
259 606
259 916
259 999
260 259
260 266
260 341
260 347
260 419
260 501
260 583
260 617
260 781
260 801
260 820
261 76
261 87
261 176
261 381
261 404
261 431
261 467
261 500
261 527
261 672
261 681
261 793
261 801
261 861
261 879
261 947
261 954
262 85
262 245
262 256
262 284
262 375
262 477
262 480
262 574
262 598
262 733
262 868
262 892
263 227
263 354
263 356
263 416
263 677
263 721
263 732
263 803
263 824
264 99
264 144
264 272
264 547
264 573
264 614
264 797
264 828
264 993
265 12
265 125
265 179
265 314
265 346
265 442
265 546
265 592
265 685
265 734
265 828
265 879
265 976
266 149
266 260
266 603
266 604
266 759
266 778
266 794
266 804
267 422
267 446
267 515
267 532
267 618
267 704
267 832
267 898
267 923
267 997
268 22
268 247
268 292
268 293
268 324
268 341
268 443
268 636
268 662
268 758
268 903
268 908
269 147
269 201
269 241
269 408
269 461
269 568
269 621
269 712
269 755
269 762
269 887
269 962
269 966
270 91
270 162
270 205
270 287
270 318
270 588
270 709
270 779
270 834
271 1
271 51
271 480
271 718
271 764
271 872
271 951
272 264
272 273
272 296
272 323
272 612
272 677
272 704
272 778
272 812
272 822
272 956
273 11
273 120
273 272
273 349
273 375
273 378
273 991
274 5
274 144
274 145
274 175
274 197
274 365
274 392
274 465
274 610
274 707
274 708
274 799
274 917
275 11
275 53
275 220
275 298
275 408
275 492
275 588
275 639
275 686
275 708
275 732
275 748
275 798
275 815
275 947
275 985
276 26
276 134
276 151
276 240
276 301
276 456
276 463
276 495
276 528
276 597
276 755
276 784
276 952
276 997
277 51
277 98
277 117
277 204
277 294
277 338
277 849
277 912
277 957
278 82
278 97
278 161
278 163
278 283
278 326
278 382
278 410
278 480
278 595
278 667
278 754
278 795
278 834
278 901
279 41
279 147
279 406
279 483
279 501
279 539
279 693
280 8
280 14
280 61
280 145
280 167
280 168
280 358
280 363
280 463
280 505
280 691
280 977
281 393
281 449
281 511
281 686
281 757
282 151
282 471
282 555
282 584
282 627
282 640
282 687
282 772
282 884
283 12
283 38
283 100
283 220
283 278
283 452
283 708
283 823
283 833
284 104
284 138
284 234
284 262
284 408
284 588
284 617
284 713
284 714
284 782
284 968
284 974
285 14
285 803
286 14
286 321
286 409
286 440
286 544
286 627
286 705
286 794
286 856
286 880
286 969
286 986
286 993
287 9
287 37
287 68
287 73
287 270
287 335
287 443
287 587
287 639
287 684
287 803
287 987
288 63
288 127
288 371
288 391
288 392
288 495
288 574
288 760
288 841
288 843
288 979
289 218
289 328
289 427
290 214
290 660
290 668
290 965
291 467
291 543
291 703
291 842
292 24
292 43
292 59
292 190
292 199
292 268
292 372
292 392
292 515
292 593
292 749
292 906
292 945
293 28
293 233
293 254
293 268
293 691
293 818
293 974
293 982
294 126
294 277
294 337
294 390
294 449
294 477
294 778
294 967
295 152
295 399
295 441
295 479
295 517
295 549
295 553
295 580
295 582
295 754
295 805
295 855
296 40
296 75
296 134
296 140
296 272
296 366
296 380
296 477
296 506
296 575
296 687
296 772
296 944
297 49
297 52
297 224
297 237
297 239
297 254
297 362
297 376
297 492
297 557
297 676
297 740
297 798
297 849
297 865
297 898
298 183
298 185
298 275
298 313
298 327
298 436
298 438
298 537
298 542
298 631
298 678
298 707
298 787
298 831
298 952
298 992
299 417
299 555
299 766
299 816
299 878
299 943
300 19
300 110
300 147
300 323
300 381
300 470
300 776
301 115
301 175
301 276
301 355
301 477
301 557
301 559
301 574
302 175
302 358
302 359
302 536
302 546
302 743
302 908
303 14
303 25
303 193
303 531
303 606
303 652
303 733
303 797
303 878
304 148
304 245
304 258
304 539
304 779
304 788
304 816
304 825
304 865
304 906
305 45
305 50
305 146
305 182
305 219
305 488
305 557
305 607
305 665
305 765
305 857
305 864
305 939
306 33
306 359
306 390
306 530
306 755
306 954
306 967
307 73
307 192
307 314
307 371
307 409
307 426
307 734
307 754
307 825
308 35
308 41
308 97
308 105
308 203
308 380
308 382
308 551
308 583
309 548
309 603
309 629
309 648
309 790
309 991
310 247
310 342
310 385
310 674
310 742
311 130
311 402
311 520
311 609
311 611
311 612
311 636
311 689
311 791
311 799
311 811
311 930
312 190
312 345
312 534
312 794
312 863
312 879
312 948
312 991
313 27
313 84
313 122
313 164
313 298
313 349
313 377
313 485
313 839
313 856
314 72
314 265
314 307
314 599
314 604
314 735
314 876
314 996
315 97
315 206
315 240
315 346
315 570
315 667
315 988
316 20
316 336
316 432
316 503
316 562
316 595
316 627
316 634
316 718
316 783
316 792
316 820
316 849
316 969
317 358
317 561
317 682
317 721
317 734
318 66
318 71
318 193
318 270
318 388
318 415
318 451
318 496
318 751
318 858
318 958
318 963
318 978
319 108
319 161
319 327
319 430
319 689
319 992
320 28
320 69
320 104
320 109
320 182
320 205
320 362
320 478
320 623
320 712
320 841
321 5
321 190
321 286
321 523
321 620
321 645
321 655
321 671
321 754
321 770
321 898
322 159
322 193
322 416
322 479
322 500
322 531
322 670
322 712
322 806
322 811
322 819
322 863
322 878
322 923
323 2
323 19
323 104
323 128
323 272
323 300
323 404
323 482
323 500
323 602
323 660
323 772
323 799
323 863
323 892
323 936
323 946
324 231
324 268
324 326
324 463
324 552
324 610
324 750
324 793
324 889
325 75
325 339
325 352
325 601
325 609
326 84
326 154
326 176
326 215
326 278
326 324
326 387
326 451
326 660
326 840
326 865
326 878
326 968
327 120
327 298
327 319
327 706
327 794
327 834
327 940
328 22
328 28
328 92
328 219
328 289
328 355
328 356
328 370
328 443
328 451
328 468
328 742
328 907
328 951
329 11
329 59
329 74
329 155
329 183
329 470
329 531
329 698
329 897
329 977
330 20
330 203
330 212
330 443
330 565
330 584
330 713
330 799
330 936
331 3
331 103
331 219
331 665
331 672
331 874
332 6
332 41
332 42
332 118
332 611
332 813
332 925
332 937
332 945
333 94
333 207
333 374
333 416
333 429
333 495
333 569
333 719
333 793
333 858
334 116
334 178
334 339
334 344
334 602
334 734
334 771
334 784
334 914
334 926
335 15
335 287
335 583
335 609
335 667
335 769
335 772
335 817
335 931
336 14
336 93
336 316
336 338
336 382
336 478
336 485
336 730
336 756
336 817
336 976
337 137
337 167
337 179
337 193
337 294
337 355
337 546
337 667
337 780
337 852
337 896
337 900
337 913
337 990
338 2
338 154
338 171
338 277
338 336
338 392
338 539
338 554
338 695
338 938
339 93
339 105
339 123
339 201
339 325
339 334
339 440
339 475
339 497
339 603
339 684
339 882
340 7
340 25
340 43
340 61
340 122
340 242
340 382
340 563
340 639
340 771
340 827
340 911
340 934
341 2
341 9
341 90
341 103
341 142
341 260
341 268
341 431
341 538
341 552
341 605
341 647
341 678
341 909
341 918
341 982
341 987
342 135
342 137
342 200
342 213
342 224
342 310
342 482
342 523
342 588
342 673
342 824
343 132
343 191
343 371
343 390
343 395
343 417
343 498
343 693
343 802
343 861
344 217
344 334
344 442
344 516
344 656
344 948
345 141
345 197
345 241
345 312
345 457
345 668
345 754
345 756
345 943
346 63
346 265
346 315
346 365
346 367
346 558
346 604
346 818
347 23
347 82
347 108
347 186
347 199
347 252
347 260
347 367
347 394
347 467
347 474
347 730
348 95
348 205
348 524
348 609
348 632
348 773
348 839
348 867
348 975
349 59
349 197
349 209
349 244
349 273
349 313
349 450
349 472
349 614
349 662
349 708
349 772
349 799
349 825
349 859
349 870
350 203
350 944
351 13
351 40
351 71
351 130
351 154
351 370
351 413
351 569
351 655
351 663
351 691
351 759
351 803
351 938
351 984
352 34
352 46
352 253
352 325
352 503
352 648
352 652
352 995
353 393
353 404
353 408
353 464
353 519
353 578
353 631
353 841
353 849
353 979
354 58
354 103
354 263
354 360
354 452
354 759
354 934
355 6
355 55
355 97
355 188
355 189
355 216
355 220
355 301
355 328
355 337
355 418
355 541
355 827
355 853
355 949
356 32
356 179
356 201
356 211
356 227
356 263
356 328
356 587
356 646
357 47
357 55
357 181
357 248
357 409
357 538
357 547
357 907
358 137
358 280
358 302
358 317
358 417
358 472
358 660
358 800
358 813
358 873
358 906
359 49
359 79
359 173
359 225
359 302
359 306
359 634
359 824
359 953
360 168
360 259
360 354
360 378
360 418
360 629
360 648
360 656
360 714
360 722
360 851
360 903
360 998
361 31
361 134
361 542
361 565
361 566
361 725
361 739
361 890
361 914
362 198
362 297
362 320
362 393
362 407
362 628
362 691
362 783
363 30
363 37
363 215
363 233
363 280
363 412
363 638
363 721
363 769
363 847
363 926
363 941
363 959
363 966
364 96
364 100
364 550
364 644
364 751
364 775
364 851
364 869
364 969
365 84
365 117
365 274
365 346
365 767
365 779
365 794
365 868
365 880
366 2
366 24
366 49
366 219
366 296
366 379
366 413
366 577
366 594
366 830
367 131
367 205
367 227
367 242
367 346
367 347
367 406
367 484
367 617
367 663
367 792
367 826
367 964
368 231
368 446
368 475
368 489
368 514
368 569
368 683
368 687
368 751
369 23
369 123
369 409
369 460
369 473
369 485
369 789
369 812
369 910
370 328
370 351
370 393
370 426
370 523
370 531
370 681
370 879
370 944
371 9
371 26
371 192
371 288
371 307
371 343
371 381
371 429
371 522
371 604
371 660
371 670
371 981
372 59
372 160
372 164
372 165
372 200
372 212
372 244
372 292
372 416
372 628
372 690
372 977
373 34
373 127
373 420
373 622
373 770
373 866
374 137
374 333
374 426
374 569
374 628
374 641
374 673
374 772
374 868
374 954
374 969
375 81
375 158
375 169
375 262
375 273
375 386
375 726
375 735
375 778
375 889
376 57
376 95
376 208
376 297
376 392
376 428
376 599
376 720
376 894
377 205
377 313
377 460
377 689
377 726
377 730
377 765
377 768
377 945
378 125
378 166
378 273
378 360
378 487
378 504
378 546
378 725
379 62
379 63
379 77
379 91
379 366
379 430
379 605
379 664
379 783
379 924
380 43
380 149
380 296
380 308
380 425
380 469
380 480
380 533
380 692
380 701
381 256
381 261
381 300
381 371
381 385
381 480
381 486
381 535
381 615
381 660
382 66
382 71
382 112
382 278
382 308
382 336
382 340
382 598
382 619
382 697
382 709
382 793
382 838
382 967
383 6
383 124
383 151
383 223
383 440
383 526
383 608
383 830
384 5
384 14
384 15
384 39
384 40
384 123
384 164
384 413
384 556
384 584
384 664
384 820
385 3
385 133
385 251
385 310
385 381
385 388
385 502
385 781
386 36
386 222
386 375
386 399
386 554
386 675
386 711
386 833
386 835
386 856
386 984
387 68
387 236
387 253
387 326
387 645
387 796
387 892
387 991
388 175
388 318
388 385
388 390
388 589
388 699
388 915
388 958
389 535
389 639
389 674
389 704
389 955
390 119
390 226
390 294
390 306
390 343
390 388
390 436
390 464
390 472
390 597
390 625
390 818
390 902
391 11
391 145
391 288
391 593
391 613
391 621
391 876
391 931
391 939
392 117
392 244
392 274
392 288
392 292
392 338
392 376
392 427
392 672
392 723
392 816
392 914
392 921
392 928
392 954
393 5
393 56
393 162
393 173
393 281
393 353
393 362
393 370
393 434
393 557
393 610
393 664
393 681
393 723
393 758
393 771
393 867
394 18
394 45
394 347
394 453
394 664
394 714
394 727
394 854
395 111
395 177
395 343
395 418
395 889
396 228
396 403
396 579
396 589
396 743
396 761
397 226
397 471
397 499
397 535
397 832
397 895
398 95
398 423
398 617
398 671
398 798
398 809
398 955
399 105
399 236
399 295
399 386
400 33
400 114
400 143
400 791
400 884
401 32
401 42
401 62
401 205
401 512
402 6
402 14
402 59
402 79
402 121
402 147
402 311
402 484
402 535
402 547
402 626
402 681
402 934
403 27
403 45
403 66
403 138
403 140
403 396
403 410
403 465
403 512
403 640
403 649
403 673
403 685
403 844
403 918
404 60
404 193
404 241
404 257
404 261
404 323
404 353
404 445
404 515
404 555
404 680
404 771
404 865
404 908
404 911
404 997
405 30
405 103
405 154
405 163
405 232
406 279
406 367
406 415
406 427
406 510
406 530
406 776
406 815
406 850
406 877
406 932
406 969
406 978
407 17
407 106
407 128
407 150
407 206
407 362
407 557
407 815
407 865
407 930
408 67
408 74
408 244
408 269
408 275
408 284
408 353
408 613
408 701
408 770
408 869
409 2
409 116
409 165
409 254
409 286
409 307
409 357
409 369
409 437
409 450
409 516
409 631
409 820
409 859
409 956
410 8
410 178
410 278
410 403
410 430
410 434
410 738
410 839
410 867
410 927
411 31
411 64
411 120
411 197
411 486
411 515
411 643
411 665
411 692
411 834
411 907
411 917
411 944
412 363
412 749
412 789
412 933
412 934
412 994
413 35
413 117
413 247
413 257
413 351
413 366
413 384
413 490
413 575
413 583
413 594
413 625
413 659
413 683
413 932
414 103
414 139
414 234
414 247
414 588
414 646
414 812
414 861
414 871
415 318
415 406
415 477
415 497
415 593
415 787
415 809
415 832
415 882
415 892
415 933
416 67
416 80
416 182
416 263
416 322
416 333
416 372
416 522
416 531
416 629
416 665
416 987
417 175
417 299
417 343
417 358
417 441
417 733
417 834
417 884
417 964
418 10
418 56
418 141
418 176
418 355
418 360
418 395
418 739
418 844
418 881
418 884
419 260
419 483
419 497
419 710
419 759
419 826
419 877
419 895
419 960
419 972
419 982
420 25
420 102
420 121
420 172
420 233
420 373
420 477
420 517
420 521
420 574
420 682
420 820
420 871
420 977
421 1
421 190
421 516
421 677
421 740
421 970
422 97
422 137
422 150
422 226
422 229
422 267
422 461
422 488
422 548
422 634
422 658
422 711
423 1
423 136
423 398
423 512
423 693
423 747
423 781
423 873
423 879
423 935
423 941
423 963
423 986
424 43
424 478
424 566
424 612
424 625
424 689
424 691
424 744
424 780
424 862
425 144
425 166
425 173
425 176
425 380
425 427
425 471
425 493
425 594
425 719
425 722
425 748
425 847
425 897
426 51
426 55
426 307
426 370
426 374
426 479
426 811
426 897
426 946
426 980
427 217
427 289
427 392
427 406
427 425
427 429
427 490
427 498
427 509
427 657
427 765
427 811
427 928
428 90
428 173
428 376
428 721
428 738
428 769
428 896
428 937
428 949
428 998
429 15
429 65
429 219
429 333
429 371
429 427
429 451
429 495
429 730
429 838
430 58
430 128
430 319
430 379
430 410
430 597
430 965
431 214
431 261
431 341
431 622
431 658
431 861
431 931
432 232
432 316
432 497
432 613
432 630
432 676
432 721
432 817
432 885
433 34
433 146
433 159
433 192
433 259
433 436
433 477
433 767
433 787
433 875
433 903
433 905
433 980
434 55
434 78
434 96
434 393
434 410
434 447
434 542
434 612
434 741
434 757
434 778
434 844
434 991
435 68
435 525
435 528
435 582
435 717
435 792
435 942
435 975
435 998
436 28
436 298
436 390
436 433
436 517
436 630
436 748
436 772
436 787
436 825
436 943
437 47
437 201
437 409
437 472
437 573
437 702
437 770
437 777
437 811
437 830
437 872
437 973
438 119
438 298
438 561
438 570
438 892
439 11
439 561
439 651
439 735
439 777
439 795
439 849
439 941
440 147
440 159
440 254
440 286
440 339
440 383
440 489
440 641
440 734
440 763
440 772
440 845
440 997
441 176
441 295
441 417
441 464
441 498
441 536
441 647
441 705
441 795
442 243
442 265
442 344
442 465
442 475
442 599
442 706
442 805
442 823
442 863
443 11
443 72
443 227
443 268
443 287
443 328
443 330
443 846
444 135
444 136
444 153
444 249
444 461
444 467
444 571
444 624
444 882
444 922
444 973
444 979
445 134
445 160
445 192
445 199
445 404
445 448
445 570
445 651
445 758
445 811
445 849
445 954
445 958
445 988
446 51
446 66
446 267
446 368
446 468
446 546
446 600
446 672
446 704
446 760
446 769
446 795
446 936
447 99
447 434
447 566
447 606
447 769
447 833
447 845
447 939
448 55
448 89
448 106
448 134
448 169
448 224
448 227
448 445
448 748
448 764
449 27
449 173
449 281
449 294
449 621
449 811
449 880
449 887
449 910
449 912
449 934
450 97
450 134
450 249
450 349
450 409
450 454
450 472
450 628
450 678
450 971
451 155
451 166
451 318
451 326
451 328
451 429
451 615
451 684
451 820
451 966
452 183
452 283
452 354
452 534
452 563
452 578
452 581
452 722
452 785
452 829
452 830
452 878
453 122
453 128
453 248
453 394
453 479
453 609
453 913
453 999
454 8
454 15
454 161
454 450
454 574
454 702
454 708
454 711
454 783
454 908
455 61
455 464
455 597
455 650
455 683
455 878
455 887
456 176
456 276
456 483
456 615
456 706
456 835
456 854
457 8
457 11
457 108
457 153
457 345
457 493
457 504
457 538
457 539
457 650
457 740
457 752
458 578
458 669
458 775
458 896
458 911
459 20
459 31
459 73
459 191
459 477
459 683
459 707
460 17
460 369
460 377
460 508
460 744
460 753
461 269
461 422
461 444
461 671
461 706
461 792
461 911
462 101
462 124
462 207
462 250
463 59
463 207
463 244
463 276
463 280
463 324
463 536
463 578
463 709
463 812
463 852
463 872
463 900
463 926
464 45
464 74
464 195
464 353
464 390
464 441
464 455
464 484
464 525
464 527
464 690
464 913
465 85
465 274
465 403
465 442
465 618
465 800
465 808
465 933
466 495
466 562
466 613
466 615
466 630
466 633
466 639
466 711
466 953
466 991
467 2
467 144
467 213
467 261
467 291
467 347
467 444
467 532
467 622
467 726
467 816
467 912
467 949
468 137
468 212
468 257
468 328
468 446
468 616
468 698
468 844
468 968
469 61
469 72
469 240
469 380
469 750
469 783
469 829
469 839
469 850
469 932
469 962
470 23
470 83
470 111
470 215
470 300
470 329
470 847
471 33
471 282
471 397
471 425
471 553
471 629
471 764
471 791
471 923
471 951
472 85
472 349
472 358
472 390
472 437
472 450
472 502
472 631
472 635
472 731
473 73
473 81
473 369
473 529
473 699
473 787
473 801
473 889
474 117
474 162
474 247
474 347
474 903
474 934
474 944
474 959
474 987
475 196
475 231
475 339
475 368
475 442
475 488
475 717
475 739
475 811
475 826
475 906
476 43
476 63
476 155
476 175
476 180
476 236
476 682
476 834
476 862
476 914
477 25
477 145
477 238
477 262
477 294
477 296
477 301
477 415
477 420
477 433
477 459
477 550
477 687
477 872
477 907
477 951
478 320
478 336
478 424
478 650
478 814
479 295
479 322
479 426
479 453
479 709
479 742
479 748
479 771
479 982
480 24
480 262
480 271
480 278
480 380
480 381
480 492
480 716
480 777
480 789
480 960
480 994
481 43
481 193
481 258
481 500
481 711
481 727
481 741
481 917
481 973
482 74
482 102
482 124
482 157
482 323
482 342
482 578
482 581
482 698
482 699
482 732
482 742
482 795
482 972
483 114
483 154
483 159
483 184
483 189
483 234
483 279
483 419
483 456
483 517
483 948
484 140
484 367
484 402
484 464
484 592
484 712
484 730
485 8
485 14
485 313
485 336
485 369
485 621
486 16
486 92
486 381
486 411
486 488
486 608
486 653
486 658
486 686
486 750
486 766
486 843
486 876
486 905
486 979
487 54
487 85
487 92
487 219
487 378
487 532
487 643
487 698
487 777
487 846
488 305
488 422
488 475
488 486
488 534
488 537
488 739
488 783
488 811
488 949
488 999
489 57
489 62
489 154
489 199
489 368
489 440
489 674
489 688
489 698
489 716
490 236
490 413
490 427
490 678
490 679
490 731
490 782
490 800
490 824
491 78
491 180
491 583
491 871
491 877
492 17
492 144
492 221
492 275
492 297
492 480
492 699
492 858
493 63
493 123
493 150
493 201
493 203
493 248
493 425
493 457
493 678
493 680
493 728
493 731
493 810
493 977
494 128
494 160
494 239
494 242
494 568
494 638
494 657
494 762
494 828
494 919
495 149
495 206
495 276
495 288
495 333
495 429
495 466
495 521
495 534
495 927
496 74
496 84
496 187
496 189
496 258
496 318
496 505
496 579
496 813
496 832
497 118
497 339
497 415
497 419
497 432
497 498
497 499
497 636
497 700
497 732
497 792
497 835
497 843
497 849
497 911
498 10
498 343
498 427
498 441
498 497
498 605
498 712
498 843
498 896
498 898
498 951
499 28
499 136
499 397
499 497
499 588
499 602
499 638
499 664
499 757
499 798
499 804
499 820
499 917
500 89
500 117
500 122
500 256
500 261
500 322
500 323
500 481
500 516
500 688
500 837
500 874
500 950
501 0
501 260
501 279
501 629
501 735
501 852
501 955
502 42
502 53
502 155
502 385
502 472
502 565
502 723
502 916
502 918
502 943
503 79
503 316
503 352
503 531
503 550
503 757
503 837
503 853
503 962
504 378
504 457
504 561
504 603
504 657
504 665
504 897
504 903
504 944
504 953
505 61
505 132
505 201
505 205
505 248
505 257
505 280
505 496
505 565
505 611
505 619
505 673
505 676
505 682
505 709
505 783
505 807
505 829
505 999
506 2
506 64
506 223
506 296
506 601
506 731
506 765
506 857
507 99
507 189
507 214
507 591
507 633
507 796
507 803
508 10
508 154
508 460
508 786
508 842
508 903
508 952
508 965
509 74
509 427
509 542
509 791
509 851
509 897
510 2
510 406
510 556
510 716
510 810
510 816
511 0
511 85
511 208
511 244
511 281
511 592
511 799
511 850
511 852
511 950
512 71
512 196
512 401
512 403
512 423
512 675
512 808
512 824
512 881
513 157
513 200
513 223
513 566
513 572
513 574
513 728
513 857
514 11
514 83
514 104
514 221
514 368
514 668
514 814
515 131
515 137
515 150
515 267
515 292
515 404
515 411
515 518
515 889
516 70
516 91
516 182
516 200
516 344
516 409
516 421
516 500
516 533
516 745
516 757
516 767
516 875
516 954
516 972
517 59
517 80
517 295
517 420
517 436
517 483
517 641
517 778
518 188
518 244
518 515
518 522
518 665
519 86
519 197
519 213
519 353
519 582
519 593
519 607
519 614
519 711
519 725
519 747
519 851
520 116
520 247
520 311
520 621
520 780
520 876
520 906
520 952
520 958
521 10
521 38
521 184
521 214
521 420
521 495
521 661
521 673
521 911
522 22
522 175
522 228
522 371
522 416
522 518
522 526
522 560
522 622
522 712
522 838
522 845
522 910
522 992
523 12
523 77
523 148
523 179
523 321
523 342
523 370
523 555
523 574
523 577
524 103
524 111
524 233
524 239
524 348
524 595
524 625
524 726
524 946
525 435
525 464
525 588
525 598
525 602
525 705
525 714
525 841
525 945
525 963
525 973
526 211
526 383
526 522
526 588
526 654
526 831
526 838
527 155
527 261
527 464
527 585
527 683
527 966
528 5
528 126
528 276
528 435
528 777
528 829
528 858
528 965
529 473
529 609
529 950
529 978
530 94
530 128
530 141
530 157
530 256
530 306
530 406
530 581
530 604
530 758
530 801
530 994
531 0
531 156
531 204
531 303
531 322
531 329
531 370
531 416
531 503
531 607
531 693
531 742
531 777
531 804
531 831
531 861
531 942
532 83
532 149
532 227
532 267
532 467
532 487
532 559
532 726
532 925
533 148
533 188
533 380
533 516
533 570
533 586
533 603
533 731
533 745
534 34
534 188
534 312
534 452
534 488
534 495
534 588
534 788
534 910
535 120
535 158
535 242
535 381
535 389
535 397
535 402
535 632
535 664
535 895
535 960
536 96
536 118
536 129
536 302
536 441
536 463
536 553
536 577
536 620
536 663
536 991
537 52
537 109
537 218
537 298
537 488
537 564
537 599
537 775
537 837
537 877
537 993
538 62
538 341
538 357
538 457
538 734
538 754
538 761
538 769
538 790
538 791
538 812
538 872
538 963
539 31
539 104
539 188
539 279
539 304
539 338
539 457
539 656
539 745
539 895
540 549
540 565
540 583
540 630
541 135
541 199
541 200
541 355
541 543
541 545
541 656
541 671
541 838
541 878
541 935
542 219
542 298
542 361
542 434
542 509
542 695
542 943
542 961
543 12
543 182
543 291
543 541
543 545
543 565
543 591
543 701
543 718
543 864
543 867
544 286
544 587
544 609
544 741
544 856
544 911
544 961
545 50
545 107
545 541
545 543
545 588
545 718
545 754
545 762
545 845
545 984
546 91
546 265
546 302
546 337
546 378
546 446
546 564
546 965
547 14
547 46
547 84
547 181
547 205
547 244
547 264
547 357
547 402
547 620
547 627
547 656
547 707
548 42
548 222
548 309
548 422
548 622
548 674
548 741
548 758
548 807
548 811
549 13
549 22
549 186
549 295
549 540
549 563
549 667
549 935
549 951
549 993
550 109
550 183
550 364
550 477
550 503
550 616
550 659
551 118
551 308
551 729
551 792
551 900
552 55
552 186
552 210
552 324
552 341
552 598
552 661
552 699
552 837
552 866
552 923
553 84
553 208
553 295
553 471
553 536
553 573
553 694
553 717
553 756
553 807
554 134
554 184
554 227
554 338
554 386
554 677
554 737
554 894
554 968
555 49
555 52
555 95
555 155
555 237
555 282
555 299
555 404
555 523
555 591
555 700
555 768
555 848
555 908
555 939
556 209
556 211
556 384
556 510
556 617
556 663
556 665
556 697
556 767
557 23
557 142
557 297
557 301
557 305
557 393
557 407
557 587
557 693
557 827
557 992
558 131
558 346
558 671
558 893
559 70
559 82
559 157
559 192
559 216
559 301
559 532
559 578
559 609
559 744
559 856
559 969
560 77
560 112
560 121
560 522
560 573
560 805
560 822
560 865
560 998
561 73
561 317
561 438
561 439
561 504
561 613
561 693
561 711
561 869
561 980
562 39
562 62
562 98
562 99
562 252
562 316
562 466
562 727
562 824
562 831
562 961
562 963
563 173
563 182
563 195
563 340
563 452
563 549
563 659
563 668
563 796
563 936
563 941
563 947
564 61
564 537
564 546
564 862
564 893
564 909
565 27
565 52
565 233
565 239
565 330
565 361
565 502
565 505
565 540
565 543
565 775
565 872
566 101
566 142
566 361
566 424
566 447
566 513
566 635
566 649
566 664
566 669
566 719
566 748
566 821
566 841
567 101
567 141
567 148
567 663
567 665
567 831
567 907
567 933
568 149
568 252
568 269
568 494
568 779
568 916
569 68
569 178
569 202
569 333
569 351
569 368
569 374
569 724
569 730
569 863
570 315
570 438
570 445
570 533
570 579
570 723
570 724
570 925
570 932
570 934
571 182
571 444
571 572
571 649
571 742
571 770
571 824
572 86
572 210
572 513
572 571
572 629
572 746
572 754
572 774
572 911
573 52
573 93
573 103
573 200
573 264
573 437
573 553
573 560
573 631
573 650
573 658
573 735
573 785
573 865
573 939
574 17
574 35
574 64
574 118
574 152
574 262
574 288
574 301
574 420
574 454
574 513
574 523
574 789
574 851
574 921
574 925
574 931
574 971
575 65
575 296
575 413
575 646
575 737
575 834
576 35
576 590
576 746
576 766
576 778
577 163
577 178
577 366
577 523
577 536
577 876
577 894
577 917
577 978
578 236
578 241
578 353
578 452
578 458
578 463
578 482
578 559
578 616
578 849
579 16
579 87
579 152
579 255
579 396
579 496
579 570
579 618
579 626
579 722
579 769
579 781
579 878
579 879
579 900
579 904
579 948
580 39
580 209
580 295
580 583
580 623
580 626
580 852
580 865
580 967
580 999
581 42
581 100
581 172
581 183
581 227
581 259
581 452
581 482
581 530
581 697
581 723
581 735
581 859
582 85
582 95
582 145
582 295
582 435
582 519
582 657
582 886
583 148
583 218
583 260
583 308
583 335
583 413
583 491
583 540
583 580
583 766
583 836
584 282
584 330
584 384
584 607
584 770
584 861
585 13
585 75
585 126
585 527
585 721
585 744
586 79
586 533
586 606
586 802
586 821
586 826
586 855
587 14
587 70
587 95
587 227
587 287
587 356
587 544
587 557
587 664
587 699
587 876
587 976
588 26
588 155
588 270
588 275
588 284
588 342
588 414
588 499
588 525
588 526
588 534
588 545
588 682
588 799
588 829
588 962
589 388
589 396
589 610
589 836
590 17
590 61
590 207
590 576
590 684
590 685
590 691
590 937
590 947
590 966
591 225
591 507
591 543
591 555
592 48
592 265
592 484
592 511
592 745
592 747
592 910
593 50
593 77
593 119
593 151
593 292
593 391
593 415
593 519
593 630
593 635
593 641
593 689
593 721
593 761
593 946
594 94
594 130
594 244
594 366
594 413
594 425
594 633
594 642
594 776
595 90
595 158
595 210
595 222
595 278
595 316
595 524
595 624
595 626
595 641
595 846
595 893
595 933
596 120
596 191
596 238
596 662
596 665
596 679
596 708
596 783
596 816
596 895
596 897
596 991
597 14
597 156
597 167
597 247
597 276
597 390
597 430
597 455
597 629
597 649
597 740
597 769
597 853
598 34
598 60
598 64
598 81
598 109
598 129
598 262
598 382
598 525
598 552
598 602
598 738
598 881
598 982
599 2
599 134
599 201
599 314
599 376
599 442
599 537
599 829
599 837
599 863
599 869
600 85
600 102
600 446
600 666
600 680
600 728
600 859
600 911
601 16
601 153
601 224
601 325
601 506
601 613
601 698
601 794
601 913
601 957
602 215
602 323
602 334
602 499
602 525
602 598
602 708
602 862
603 227
603 266
603 309
603 339
603 504
603 533
603 654
603 657
603 794
603 983
603 998
604 18
604 55
604 155
604 170
604 266
604 314
604 346
604 371
604 530
604 778
604 796
604 818
605 74
605 131
605 233
605 341
605 379
605 498
605 651
605 659
605 801
605 845
605 940
605 993
605 999
606 143
606 259
606 303
606 447
606 586
606 665
606 667
606 829
606 838
607 225
607 229
607 233
607 305
607 519
607 531
607 584
607 611
607 804
607 838
607 841
607 850
607 943
607 960
608 31
608 43
608 66
608 383
608 486
608 787
608 956
609 23
609 83
609 107
609 181
609 253
609 311
609 325
609 335
609 348
609 453
609 529
609 544
609 559
609 677
609 926
609 960
610 226
610 231
610 274
610 324
610 393
610 589
610 692
610 745
610 815
610 841
610 897
610 970
610 972
611 127
611 176
611 242
611 311
611 332
611 505
611 607
611 773
611 985
612 272
612 311
612 424
612 434
612 665
612 768
613 81
613 174
613 391
613 408
613 432
613 466
613 561
613 601
613 666
613 794
613 876
613 971
613 991
614 220
614 264
614 349
614 519
614 660
614 938
614 943
615 16
615 192
615 217
615 381
615 451
615 456
615 466
615 644
615 761
615 822
616 237
616 468
616 550
616 578
616 618
616 688
616 772
616 823
616 828
617 180
617 246
617 260
617 284
617 367
617 398
617 556
617 765
617 793
617 796
617 802
618 3
618 84
618 178
618 267
618 465
618 579
618 616
618 748
618 794
619 144
619 382
619 505
619 709
619 799
619 833
619 867
620 61
620 116
620 212
620 321
620 536
620 547
620 675
621 126
621 269
621 391
621 449
621 485
621 520
621 845
621 951
622 51
622 226
622 373
622 431
622 467
622 522
622 548
622 651
622 858
622 933
623 11
623 89
623 160
623 177
623 320
623 580
623 667
623 725
623 804
623 909
624 34
624 191
624 444
624 595
624 804
624 872
624 874
624 881
624 997
625 22
625 189
625 390
625 413
625 424
625 524
625 693
625 947
626 188
626 402
626 579
626 580
626 595
626 693
626 699
626 705
626 811
626 850
626 900
626 938
626 985
627 16
627 42
627 70
627 168
627 243
627 282
627 286
627 316
627 547
627 719
627 764
628 141
628 163
628 178
628 226
628 257
628 362
628 372
628 374
628 450
628 691
629 309
629 360
629 416
629 471
629 501
629 572
629 597
629 711
629 716
629 815
629 847
629 871
629 887
630 69
630 89
630 188
630 199
630 217
630 238
630 252
630 432
630 436
630 466
630 540
630 593
630 742
630 961
631 180
631 195
631 224
631 248
631 298
631 353
631 409
631 472
631 573
631 834
631 937
632 348
632 535
632 960
633 83
633 123
633 163
633 254
633 466
633 507
633 594
633 668
633 818
634 37
634 140
634 316
634 359
634 422
634 708
634 750
634 838
635 177
635 221
635 472
635 566
635 593
635 737
635 903
636 129
636 238
636 268
636 311
636 497
636 661
636 677
637 75
637 88
637 195
637 200
637 646
637 703
637 760
637 892
637 943
638 188
638 226
638 363
638 494
638 499
638 683
638 685
638 795
638 867
638 913
638 945
638 990
639 121
639 275
639 287
639 340
639 389
639 466
639 662
639 680
639 697
639 764
639 830
640 123
640 148
640 169
640 176
640 282
640 403
640 663
640 744
640 824
640 909
641 2
641 70
641 121
641 124
641 219
641 374
641 440
641 517
641 593
641 595
641 783
641 957
642 116
642 243
642 594
642 693
642 778
642 818
642 898
643 49
643 191
643 411
643 487
643 649
643 746
644 143
644 177
644 186
644 252
644 364
644 615
644 916
644 966
644 975
644 985
645 0
645 161
645 321
645 387
645 719
645 929
645 951
645 982
646 53
646 243
646 356
646 414
646 575
646 637
646 657
646 829
646 906
646 915
647 341
647 441
647 674
647 713
647 867
647 868
647 878
648 118
648 309
648 352
648 360
648 806
648 970
649 24
649 50
649 214
649 403
649 566
649 571
649 597
649 643
649 769
649 995
650 25
650 148
650 166
650 455
650 457
650 478
650 573
650 738
650 970
651 4
651 69
651 78
651 199
651 439
651 445
651 605
651 622
651 719
651 771
651 866
651 902
651 913
652 139
652 303
652 352
652 659
652 660
652 662
652 755
652 822
652 886
652 927
653 486
653 715
653 896
654 17
654 56
654 87
654 185
654 214
654 526
654 603
654 655
654 669
654 773
654 900
655 321
655 351
655 654
655 736
655 764
655 803
655 868
655 902
655 909
656 344
656 360
656 539
656 541
656 547
656 660
656 744
656 762
656 783
657 427
657 494
657 504
657 582
657 603
657 646
657 689
657 707
657 795
657 805
657 828
657 880
657 945
658 111
658 148
658 191
658 216
658 422
658 431
658 486
658 573
658 791
658 877
658 883
658 932
658 995
659 158
659 413
659 550
659 563
659 605
659 652
659 703
659 731
659 736
659 799
660 230
660 235
660 290
660 323
660 326
660 358
660 371
660 381
660 614
660 652
660 656
660 788
660 801
660 822
660 853
660 968
660 986
661 7
661 205
661 207
661 521
661 552
661 636
661 798
661 853
661 939
662 98
662 148
662 213
662 234
662 268
662 349
662 596
662 639
662 652
662 895
663 160
663 163
663 212
663 351
663 367
663 536
663 556
663 567
663 640
663 728
663 743
663 904
664 73
664 166
664 258
664 379
664 384
664 393
664 394
664 499
664 535
664 566
664 587
664 686
664 706
664 759
664 777
664 845
665 34
665 122
665 137
665 143
665 162
665 178
665 203
665 305
665 331
665 411
665 416
665 504
665 518
665 556
665 567
665 596
665 606
665 612
665 703
665 734
665 805
665 815
666 191
666 600
666 613
666 676
666 757
666 941
667 10
667 29
667 102
667 193
667 278
667 315
667 335
667 337
667 549
667 606
667 623
667 811
667 957
668 44
668 137
668 290
668 345
668 514
668 563
668 633
668 676
668 681
668 860
668 861
669 3
669 11
669 155
669 185
669 203
669 234
669 458
669 566
669 654
669 872
669 882
670 18
670 146
670 183
670 322
670 371
670 674
670 685
670 821
670 849
670 850
670 972
671 43
671 71
671 103
671 169
671 321
671 398
671 461
671 541
671 558
671 695
671 753
671 985
671 988
672 190
672 192
672 261
672 331
672 392
672 446
672 778
672 849
672 984
673 95
673 342
673 374
673 403
673 505
673 521
673 774
673 815
674 162
674 170
674 254
674 310
674 389
674 489
674 548
674 647
674 670
674 865
674 933
675 76
675 151
675 386
675 512
675 620
675 689
675 929
675 931
675 965
676 55
676 130
676 183
676 219
676 297
676 432
676 505
676 666
676 668
676 712
676 836
677 240
677 263
677 272
677 421
677 554
677 609
677 636
677 686
677 850
677 862
677 869
677 985
678 27
678 122
678 174
678 298
678 341
678 450
678 490
678 493
679 98
679 106
679 191
679 490
679 596
679 769
679 829
679 912
679 957
680 13
680 55
680 185
680 404
680 493
680 600
680 639
680 743
680 749
680 818
680 871
681 39
681 189
681 261
681 370
681 393
681 402
681 668
681 726
681 758
681 942
682 146
682 204
682 317
682 420
682 476
682 505
682 588
682 709
682 718
682 787
682 821
682 924
682 940
682 948
682 985
683 133
683 368
683 413
683 455
683 459
683 527
683 638
683 691
683 730
683 806
683 836
683 931
684 111
684 129
684 287
684 339
684 451
684 590
684 773
684 896
684 998
685 79
685 265
685 403
685 590
685 638
685 670
685 720
685 787
686 5
686 34
686 61
686 93
686 275
686 281
686 486
686 664
686 677
686 861
686 916
687 131
687 282
687 296
687 368
687 477
687 870
687 884
687 908
687 934
687 959
688 167
688 169
688 222
688 489
688 500
688 616
689 108
689 194
689 311
689 319
689 377
689 424
689 593
689 657
689 675
689 819
689 952
689 982
690 193
690 372
690 464
690 850
690 916
691 6
691 7
691 177
691 249
691 280
691 293
691 351
691 362
691 424
691 590
691 628
691 683
691 882
691 944
692 127
692 150
692 192
692 258
692 380
692 411
692 610
692 744
692 756
692 812
692 925
693 279
693 343
693 423
693 531
693 557
693 561
693 625
693 626
693 642
693 737
693 824
693 874
693 973
693 975
694 553
694 766
694 792
694 825
694 882
694 930
695 66
695 239
695 338
695 542
695 671
695 720
695 787
695 840
695 899
695 922
695 970
696 23
696 55
696 124
696 251
696 721
696 779
697 382
697 556
697 581
697 639
697 715
697 830
697 845
697 921
698 198
698 329
698 468
698 482
698 487
698 489
698 601
698 730
698 899
698 973
699 388
699 473
699 482
699 492
699 552
699 587
699 626
699 897
700 97
700 221
700 497
700 555
700 757
700 920
701 193
701 246
701 380
701 408
701 543
701 825
701 838
702 59
702 107
702 186
702 239
702 437
702 454
702 764
702 877
702 884
702 909
703 48
703 54
703 217
703 291
703 637
703 659
703 665
703 874
703 975
704 267
704 272
704 389
704 446
704 963
704 974
704 999
705 21
705 50
705 176
705 231
705 286
705 441
705 525
705 626
705 732
705 809
706 123
706 135
706 146
706 243
706 327
706 442
706 456
706 461
706 664
706 791
706 796
706 834
706 845
706 953
707 59
707 274
707 298
707 459
707 547
707 657
707 719
707 808
708 87
708 111
708 183
708 274
708 275
708 283
708 349
708 454
708 596
708 602
708 634
708 868
709 21
709 170
709 207
709 270
709 382
709 463
709 479
709 505
709 619
709 682
709 848
709 882
710 39
710 205
710 419
710 761
710 803
711 103
711 167
711 219
711 386
711 422
711 454
711 466
711 481
711 519
711 561
711 629
711 764
711 803
711 808
711 820
711 883
711 890
711 931
712 62
712 179
712 219
712 257
712 269
712 320
712 322
712 484
712 498
712 522
712 676
712 767
713 284
713 330
713 647
713 714
713 780
713 790
713 811
713 815
713 905
713 908
714 7
714 15
714 146
714 284
714 360
714 394
714 525
714 713
715 6
715 22
715 26
715 80
715 138
715 653
715 697
715 802
715 976
716 95
716 170
716 239
716 480
716 489
716 510
716 629
716 936
716 939
717 201
717 435
717 475
717 553
717 756
717 796
717 924
718 56
718 271
718 316
718 543
718 545
718 682
719 208
719 209
719 333
719 425
719 566
719 627
719 645
719 651
719 707
719 721
719 832
719 964
719 977
720 76
720 90
720 376
720 685
720 695
720 735
720 773
720 944
720 965
721 263
721 317
721 363
721 428
721 432
721 585
721 593
721 696
721 719
722 19
722 50
722 360
722 425
722 452
722 579
722 757
723 86
723 256
723 392
723 393
723 502
723 570
723 581
723 847
723 862
724 569
724 570
724 774
724 783
724 853
724 872
725 26
725 124
725 149
725 215
725 361
725 378
725 519
725 623
725 832
725 954
726 111
726 131
726 153
726 169
726 186
726 191
726 245
726 375
726 377
726 467
726 524
726 532
726 681
726 817
726 878
727 63
727 203
727 204
727 216
727 394
727 481
727 562
727 742
727 848
727 978
728 154
728 493
728 513
728 600
728 663
728 828
728 849
729 68
729 105
729 551
729 853
730 177
730 252
730 336
730 347
730 377
730 429
730 484
730 569
730 683
730 698
730 759
730 769
730 770
730 773
730 860
730 946
730 957
731 12
731 111
731 121
731 187
731 472
731 490
731 493
731 506
731 533
731 659
731 751
731 771
731 805
731 872
731 940
731 960
731 964
732 155
732 224
732 235
732 263
732 275
732 482
732 497
732 705
732 779
732 835
732 953
733 5
733 34
733 41
733 66
733 70
733 187
733 227
733 238
733 255
733 262
733 303
733 417
733 793
733 807
733 971
734 43
734 86
734 265
734 307
734 317
734 334
734 440
734 538
734 665
734 776
734 890
734 892
734 893
734 902
735 198
735 237
735 314
735 375
735 439
735 501
735 573
735 581
735 720
735 863
735 889
736 118
736 655
736 659
736 902
736 943
737 82
737 95
737 120
737 128
737 142
737 186
737 554
737 575
737 635
737 693
737 765
737 788
738 15
738 98
738 410
738 428
738 598
738 650
738 825
738 833
739 7
739 68
739 120
739 237
739 361
739 418
739 475
739 488
739 990
739 998
740 162
740 224
740 297
740 421
740 457
740 597
740 758
741 77
741 99
741 125
741 209
741 434
741 481
741 544
741 548
741 765
741 824
741 842
741 981
741 996
742 55
742 121
742 162
742 187
742 242
742 310
742 328
742 479
742 482
742 531
742 571
742 630
742 727
742 814
742 889
743 28
743 149
743 302
743 396
743 663
743 680
743 942
744 424
744 460
744 559
744 585
744 640
744 656
744 692
744 776
744 791
744 807
744 961
744 980
745 132
745 195
745 516
745 533
745 539
745 592
745 610
745 778
745 797
745 948
745 971
746 34
746 136
746 572
746 576
746 643
746 864
746 939
747 8
747 117
747 217
747 423
747 519
747 592
747 854
747 923
747 990
748 78
748 128
748 224
748 257
748 275
748 425
748 436
748 448
748 479
748 566
748 618
748 788
748 815
748 818
748 840
748 853
748 931
749 100
749 116
749 167
749 292
749 412
749 680
749 769
749 816
749 852
749 921
749 956
749 963
749 999
750 65
750 89
750 201
750 324
750 469
750 486
750 634
750 947
751 0
751 22
751 31
751 318
751 364
751 368
751 731
751 772
751 916
751 932
752 103
752 224
752 457
752 936
753 460
753 671
753 967
754 84
754 89
754 156
754 278
754 295
754 307
754 321
754 345
754 538
754 545
754 572
754 892
755 20
755 82
755 132
755 139
755 182
755 269
755 276
755 306
755 652
755 836
755 840
755 970
756 19
756 20
756 129
756 159
756 168
756 222
756 336
756 345
756 553
756 692
756 717
756 810
756 834
756 836
757 281
757 434
757 499
757 503
757 516
757 666
757 700
757 722
757 875
758 90
758 268
758 393
758 445
758 530
758 548
758 681
758 740
759 234
759 266
759 351
759 354
759 419
759 664
759 730
759 816
760 288
760 446
760 637
760 768
760 909
760 963
760 998
761 24
761 55
761 396
761 538
761 593
761 615
761 710
761 947
762 5
762 269
762 494
762 545
762 656
762 791
762 953
762 963
763 99
763 440
763 782
763 919
764 140
764 271
764 448
764 471
764 627
764 639
764 655
764 702
764 711
764 775
764 829
764 905
765 237
765 305
765 377
765 427
765 506
765 617
765 737
765 741
765 775
766 54
766 299
766 486
766 576
766 583
766 694
766 910
767 52
767 78
767 101
767 124
767 365
767 433
767 516
767 556
767 712
767 871
768 86
768 137
768 377
768 555
768 612
768 760
768 979
769 62
769 123
769 253
769 335
769 363
769 428
769 446
769 447
769 538
769 579
769 597
769 649
769 679
769 730
769 749
769 867
769 946
769 959
769 963
770 149
770 321
770 373
770 408
770 437
770 571
770 584
770 730
770 823
771 334
771 340
771 393
771 404
771 479
771 651
771 731
771 824
771 842
771 868
771 872
771 952
772 39
772 70
772 160
772 203
772 205
772 238
772 282
772 296
772 323
772 335
772 349
772 374
772 436
772 440
772 616
772 751
772 814
773 158
773 348
773 611
773 654
773 684
773 720
773 730
773 796
773 822
773 847
773 882
773 958
773 962
774 572
774 673
774 724
774 793
774 796
774 931
775 55
775 117
775 146
775 364
775 458
775 537
775 565
775 764
775 765
775 822
775 913
775 936
776 300
776 406
776 594
776 734
776 744
776 929
777 242
777 437
777 439
777 480
777 487
777 528
777 531
777 664
777 798
777 805
777 913
778 159
778 266
778 272
778 294
778 375
778 434
778 517
778 576
778 604
778 642
778 672
778 745
778 875
779 8
779 57
779 63
779 112
779 238
779 245
779 270
779 304
779 365
779 568
779 696
779 732
780 93
780 337
780 424
780 520
780 713
780 788
780 804
780 812
780 833
780 902
781 32
781 49
781 179
781 181
781 247
781 260
781 385
781 423
781 579
781 897
781 929
782 125
782 217
782 240
782 284
782 490
782 763
783 23
783 158
783 179
783 189
783 316
783 362
783 379
783 454
783 469
783 488
783 505
783 596
783 641
783 656
783 724
783 888
783 938
784 88
784 167
784 276
784 334
784 800
784 820
784 901
785 28
785 66
785 452
785 573
785 825
785 880
785 891
785 953
786 93
786 127
786 148
786 158
786 508
786 883
786 962
787 64
787 99
787 111
787 239
787 298
787 415
787 433
787 436
787 473
787 608
787 682
787 685
787 695
787 788
787 867
787 923
788 48
788 64
788 77
788 304
788 534
788 660
788 737
788 748
788 780
788 787
788 797
788 958
788 974
788 983
789 158
789 200
789 369
789 412
789 480
789 574
790 162
790 187
790 309
790 538
790 713
791 44
791 89
791 136
791 158
791 311
791 400
791 471
791 509
791 538
791 658
791 706
791 744
791 762
791 909
791 937
792 126
792 316
792 367
792 435
792 461
792 497
792 551
792 694
793 16
793 94
793 132
793 180
793 261
793 324
793 333
793 382
793 617
793 733
793 774
793 835
794 142
794 229
794 249
794 266
794 286
794 312
794 327
794 365
794 601
794 603
794 613
794 618
794 830
794 899
794 940
794 947
794 959
794 977
795 63
795 278
795 439
795 441
795 446
795 482
795 638
795 657
796 79
796 130
796 144
796 158
796 201
796 249
796 387
796 507
796 563
796 604
796 617
796 706
796 717
796 773
796 774
797 95
797 264
797 303
797 745
797 788
797 820
797 827
798 3
798 111
798 275
798 297
798 398
798 499
798 661
798 777
798 841
798 986
799 34
799 64
799 117
799 258
799 274
799 311
799 323
799 330
799 349
799 511
799 588
799 619
799 659
800 75
800 107
800 144
800 187
800 358
800 465
800 490
800 784
800 923
801 31
801 191
801 224
801 260
801 261
801 473
801 530
801 605
801 660
802 82
802 206
802 244
802 343
802 586
802 617
802 715
803 20
803 21
803 72
803 231
803 263
803 285
803 287
803 351
803 507
803 655
803 710
803 711
803 915
804 28
804 227
804 266
804 499
804 531
804 607
804 623
804 624
804 780
804 839
804 850
804 883
805 112
805 178
805 295
805 442
805 560
805 657
805 665
805 731
805 777
805 907
805 913
806 16
806 17
806 110
806 154
806 322
806 648
806 683
806 822
806 866
806 871
807 39
807 66
807 69
807 97
807 505
807 548
807 553
807 733
807 744
807 908
808 465
808 512
808 707
808 711
808 837
808 917
808 980
808 999
809 398
809 415
809 705
810 228
810 493
810 510
810 756
810 912
811 91
811 160
811 245
811 311
811 322
811 426
811 427
811 437
811 445
811 449
811 475
811 488
811 548
811 626
811 667
811 713
811 977
812 51
812 149
812 159
812 219
812 272
812 369
812 414
812 463
812 538
812 692
812 780
812 958
813 188
813 244
813 247
813 332
813 358
813 496
813 891
813 906
813 928
813 955
814 0
814 478
814 514
814 742
814 772
814 974
814 986
814 999
815 12
815 23
815 77
815 248
815 275
815 406
815 407
815 610
815 629
815 665
815 673
815 713
815 748
815 841
815 878
815 944
816 1
816 75
816 140
816 299
816 304
816 392
816 467
816 510
816 596
816 749
816 759
816 838
817 335
817 336
817 432
817 726
817 825
818 41
818 93
818 108
818 159
818 207
818 218
818 293
818 346
818 390
818 604
818 633
818 642
818 680
818 748
818 959
818 966
819 13
819 213
819 322
819 689
819 824
820 189
820 260
820 316
820 384
820 409
820 420
820 451
820 499
820 711
820 784
820 797
820 867
820 912
820 917
821 566
821 586
821 670
821 682
821 838
821 865
821 919
822 36
822 92
822 143
822 156
822 190
822 193
822 272
822 560
822 615
822 652
822 660
822 773
822 775
822 806
822 890
823 32
823 111
823 122
823 147
823 283
823 442
823 616
823 770
823 844
823 992
824 80
824 212
824 263
824 342
824 359
824 490
824 512
824 562
824 571
824 640
824 693
824 741
824 771
824 819
824 842
824 852
825 92
825 203
825 251
825 304
825 307
825 349
825 436
825 694
825 701
825 738
825 785
825 817
825 830
825 961
825 983
825 993
826 12
826 215
826 232
826 367
826 419
826 475
826 586
826 954
827 30
827 60
827 75
827 163
827 340
827 355
827 557
827 797
827 866
827 882
827 942
827 976
828 13
828 56
828 128
828 154
828 216
828 264
828 265
828 494
828 616
828 657
828 728
829 252
829 452
829 469
829 505
829 528
829 588
829 599
829 606
829 646
829 679
829 764
829 978
830 3
830 63
830 71
830 246
830 366
830 383
830 437
830 452
830 639
830 697
830 794
830 825
830 836
830 959
831 53
831 196
831 235
831 298
831 526
831 531
831 562
831 567
831 901
831 982
831 993
832 27
832 241
832 267
832 397
832 415
832 496
832 719
832 725
832 936
833 4
833 87
833 132
833 283
833 386
833 447
833 619
833 738
833 780
833 890
833 953
834 154
834 222
834 270
834 278
834 327
834 411
834 417
834 476
834 575
834 631
834 706
834 756
834 869
834 887
834 970
835 188
835 386
835 456
835 497
835 732
835 793
835 874
836 83
836 164
836 250
836 583
836 589
836 676
836 683
836 755
836 756
836 830
836 871
836 943
836 967
837 38
837 97
837 500
837 503
837 537
837 552
837 599
837 808
837 972
838 5
838 40
838 382
838 429
838 522
838 526
838 541
838 606
838 607
838 634
838 701
838 816
838 821
838 872
838 933
838 984
839 12
839 13
839 110
839 136
839 157
839 313
839 348
839 410
839 469
839 804
839 894
839 942
840 193
840 326
840 695
840 748
840 755
840 850
840 887
840 898
840 916
841 288
841 320
841 353
841 525
841 566
841 607
841 610
841 798
841 815
842 112
842 137
842 140
842 176
842 178
842 185
842 193
842 291
842 508
842 741
842 771
842 824
843 51
843 64
843 212
843 250
843 288
843 486
843 497
843 498
844 138
844 403
844 418
844 434
844 468
844 823
844 887
844 968
845 17
845 107
845 137
845 186
845 251
845 440
845 447
845 522
845 545
845 605
845 621
845 664
845 697
845 706
845 854
845 979
846 89
846 443
846 487
846 595
846 946
847 26
847 105
847 209
847 240
847 244
847 363
847 425
847 470
847 629
847 723
847 773
848 58
848 137
848 199
848 555
848 709
848 727
848 979
849 154
849 277
849 297
849 316
849 353
849 439
849 445
849 497
849 578
849 670
849 672
849 728
850 30
850 216
850 406
850 469
850 511
850 607
850 626
850 670
850 677
850 690
850 804
850 840
850 979
851 131
851 177
851 360
851 364
851 509
851 519
851 574
852 72
852 79
852 180
852 337
852 463
852 501
852 511
852 580
852 749
852 824
852 855
853 355
853 503
853 597
853 660
853 661
853 724
853 729
853 748
853 924
854 40
854 162
854 215
854 394
854 456
854 747
854 845
854 927
854 931
855 81
855 295
855 586
855 852
855 997
856 84
856 286
856 313
856 386
856 544
856 559
856 933
857 1
857 42
857 305
857 506
857 513
858 92
858 318
858 333
858 492
858 528
858 622
858 888
858 976
859 206
859 349
859 409
859 581
859 600
860 74
860 668
860 730
860 899
861 109
861 153
861 252
861 261
861 343
861 414
861 431
861 531
861 584
861 668
861 686
861 952
861 987
862 132
862 247
862 424
862 476
862 564
862 602
862 677
862 723
862 875
862 924
862 961
862 986
862 988
863 0
863 29
863 53
863 209
863 220
863 251
863 258
863 312
863 322
863 323
863 442
863 569
863 599
863 735
863 944
864 238
864 257
864 305
864 543
864 746
864 867
865 62
865 297
865 304
865 326
865 404
865 407
865 560
865 573
865 580
865 674
865 821
865 875
865 932
866 40
866 63
866 118
866 149
866 373
866 552
866 651
866 806
866 827
866 889
866 951
867 71
867 165
867 246
867 348
867 393
867 410
867 543
867 619
867 638
867 647
867 769
867 787
867 820
867 864
867 948
868 6
868 232
868 235
868 244
868 262
868 365
868 374
868 647
868 655
868 708
868 771
868 917
869 45
869 76
869 145
869 217
869 242
869 364
869 408
869 561
869 599
869 677
869 834
869 971
870 49
870 76
870 96
870 107
870 131
870 349
870 687
870 902
871 88
871 106
871 414
871 420
871 491
871 629
871 680
871 767
871 806
871 836
871 986
872 271
872 437
872 463
872 477
872 538
872 565
872 624
872 669
872 724
872 731
872 771
872 838
872 883
873 15
873 130
873 139
873 240
873 358
873 423
873 959
873 992
874 120
874 233
874 331
874 500
874 624
874 693
874 703
874 835
875 64
875 102
875 113
875 433
875 516
875 757
875 778
875 862
875 865
875 910
875 958
875 962
875 975
875 992
876 83
876 239
876 314
876 391
876 486
876 520
876 577
876 587
876 613
876 882
876 912
876 993
877 173
877 406
877 419
877 491
877 537
877 658
877 702
877 929
877 998
878 206
878 210
878 299
878 303
878 322
878 326
878 452
878 455
878 541
878 579
878 647
878 726
878 815
878 916
879 208
879 244
879 261
879 265
879 312
879 370
879 423
879 579
880 286
880 365
880 449
880 657
880 785
880 933
880 959
880 972
881 97
881 165
881 183
881 418
881 512
881 598
881 624
882 90
882 99
882 155
882 339
882 415
882 444
882 669
882 691
882 694
882 709
882 773
882 827
882 876
882 960
883 10
883 64
883 83
883 146
883 152
883 658
883 711
883 786
883 804
883 872
883 928
883 946
884 25
884 173
884 192
884 282
884 400
884 417
884 418
884 687
884 702
884 922
884 975
885 173
885 432
886 83
886 210
886 582
886 652
886 888
886 907
887 55
887 165
887 269
887 449
887 455
887 629
887 834
887 840
887 844
887 922
888 15
888 133
888 783
888 858
888 886
889 51
889 197
889 205
889 324
889 375
889 395
889 473
889 515
889 735
889 742
889 866
889 960
889 975
890 52
890 361
890 711
890 734
890 822
890 833
891 120
891 153
891 785
891 813
891 941
892 16
892 262
892 323
892 387
892 415
892 438
892 637
892 734
892 754
892 949
892 952
893 76
893 152
893 207
893 558
893 564
893 595
893 734
893 988
894 84
894 376
894 554
894 577
894 839
895 35
895 249
895 397
895 419
895 535
895 539
895 596
895 662
896 6
896 41
896 147
896 188
896 228
896 337
896 428
896 458
896 498
896 653
896 684
896 901
897 51
897 223
897 255
897 329
897 425
897 426
897 504
897 509
897 596
897 610
897 699
897 781
898 4
898 26
898 47
898 267
898 297
898 321
898 498
898 642
898 840
898 925
898 946
899 36
899 92
899 242
899 251
899 695
899 698
899 794
899 860
899 900
899 910
899 913
899 988
900 27
900 244
900 258
900 337
900 463
900 551
900 579
900 626
900 654
900 899
900 942
901 0
901 278
901 784
901 831
901 896
901 912
902 390
902 651
902 655
902 734
902 736
902 780
902 870
903 28
903 75
903 215
903 268
903 360
903 433
903 474
903 504
903 508
903 635
904 83
904 579
904 663
905 433
905 486
905 713
905 764
905 934
906 9
906 51
906 59
906 217
906 234
906 292
906 304
906 358
906 475
906 520
906 646
906 813
906 984
907 17
907 18
907 59
907 137
907 194
907 198
907 245
907 328
907 357
907 411
907 477
907 567
907 805
907 886
907 925
908 99
908 268
908 302
908 404
908 454
908 555
908 687
908 713
908 807
908 921
909 43
909 58
909 148
909 218
909 341
909 564
909 623
909 640
909 655
909 702
909 760
909 791
909 913
910 90
910 369
910 449
910 522
910 534
910 592
910 766
910 875
910 899
911 16
911 171
911 231
911 340
911 404
911 458
911 461
911 497
911 521
911 544
911 572
911 600
911 963
911 964
912 165
912 235
912 253
912 277
912 449
912 467
912 679
912 810
912 820
912 876
912 901
913 1
913 13
913 337
913 453
913 464
913 601
913 638
913 651
913 775
913 777
913 805
913 899
913 909
914 94
914 334
914 361
914 392
914 476
914 937
915 6
915 93
915 153
915 229
915 388
915 646
915 803
915 967
916 69
916 114
916 181
916 240
916 259
916 502
916 568
916 644
916 686
916 690
916 751
916 840
916 878
916 973
917 130
917 274
917 411
917 481
917 499
917 577
917 808
917 820
917 868
917 972
918 51
918 110
918 219
918 341
918 403
918 502
918 932
919 87
919 227
919 241
919 494
919 763
919 821
919 958
920 1
920 50
920 125
920 700
920 922
921 14
921 28
921 178
921 217
921 224
921 392
921 574
921 697
921 749
921 908
922 444
922 695
922 884
922 887
922 920
923 1
923 82
923 131
923 149
923 209
923 255
923 267
923 322
923 471
923 552
923 747
923 787
923 800
924 206
924 379
924 682
924 717
924 853
924 862
924 972
924 975
925 94
925 121
925 231
925 332
925 532
925 570
925 574
925 692
925 898
925 907
926 101
926 122
926 162
926 200
926 334
926 363
926 463
926 609
927 61
927 410
927 495
927 652
927 854
928 102
928 148
928 234
928 392
928 427
928 813
928 883
928 940
929 15
929 197
929 241
929 645
929 675
929 776
929 781
929 877
930 1
930 21
930 163
930 311
930 407
930 694
931 3
931 48
931 335
931 391
931 431
931 574
931 675
931 683
931 711
931 748
931 774
931 854
931 961
931 966
932 406
932 413
932 469
932 570
932 658
932 751
932 865
932 918
933 54
933 118
933 232
933 233
933 412
933 415
933 465
933 567
933 595
933 622
933 674
933 838
933 856
933 880
933 984
934 7
934 67
934 217
934 256
934 340
934 354
934 402
934 412
934 449
934 474
934 570
934 687
934 905
934 968
934 996
935 166
935 176
935 248
935 423
935 541
935 549
935 969
936 95
936 113
936 176
936 179
936 323
936 330
936 446
936 563
936 716
936 752
936 775
936 832
936 955
937 141
937 332
937 428
937 590
937 631
937 791
937 914
937 956
938 98
938 250
938 338
938 351
938 614
938 626
938 783
939 39
939 150
939 167
939 305
939 391
939 447
939 555
939 573
939 661
939 716
939 746
940 0
940 8
940 73
940 172
940 327
940 605
940 682
940 731
940 794
940 928
940 966
941 39
941 61
941 96
941 110
941 130
941 141
941 170
941 181
941 229
941 363
941 423
941 439
941 563
941 666
941 891
942 178
942 234
942 435
942 531
942 681
942 743
942 827
942 839
942 900
943 299
943 345
943 436
943 502
943 542
943 607
943 614
943 637
943 736
943 836
944 35
944 102
944 141
944 296
944 350
944 370
944 411
944 474
944 504
944 691
944 720
944 815
944 863
944 954
945 41
945 75
945 134
945 156
945 221
945 237
945 292
945 332
945 377
945 525
945 638
945 657
946 93
946 323
946 426
946 524
946 593
946 730
946 769
946 846
946 883
946 898
946 995
947 68
947 121
947 122
947 180
947 230
947 261
947 275
947 563
947 590
947 625
947 750
947 761
947 794
948 10
948 81
948 147
948 174
948 198
948 312
948 344
948 483
948 579
948 682
948 745
948 867
949 32
949 107
949 174
949 237
949 355
949 428
949 467
949 488
949 892
949 966
949 971
949 973
949 975
950 58
950 129
950 201
950 500
950 511
950 529
951 15
951 24
951 127
951 152
951 271
951 328
951 471
951 477
951 498
951 549
951 621
951 645
951 866
952 276
952 298
952 508
952 520
952 689
952 771
952 861
952 892
952 990
953 160
953 359
953 466
953 504
953 706
953 732
953 762
953 785
953 833
954 45
954 51
954 207
954 244
954 261
954 306
954 374
954 392
954 445
954 516
954 725
954 826
954 944
955 147
955 389
955 398
955 501
955 813
955 936
955 982
956 159
956 214
956 272
956 409
956 608
956 749
956 937
957 83
957 97
957 159
957 277
957 601
957 641
957 667
957 679
957 730
958 96
958 139
958 180
958 228
958 318
958 388
958 445
958 520
958 773
958 788
958 812
958 875
958 919
959 29
959 363
959 474
959 687
959 769
959 794
959 818
959 830
959 873
959 880
960 419
960 480
960 535
960 607
960 609
960 632
960 731
960 882
960 889
961 148
961 542
961 544
961 562
961 630
961 744
961 825
961 862
961 931
962 26
962 269
962 469
962 503
962 588
962 773
962 786
962 875
963 62
963 157
963 162
963 238
963 318
963 423
963 525
963 538
963 562
963 704
963 749
963 760
963 762
963 769
963 911
964 95
964 367
964 417
964 719
964 731
964 911
965 30
965 55
965 151
965 290
965 430
965 508
965 528
965 546
965 675
965 720
965 972
965 981
966 23
966 76
966 201
966 269
966 363
966 451
966 527
966 590
966 644
966 818
966 931
966 940
966 949
967 157
967 241
967 294
967 306
967 382
967 580
967 753
967 836
967 915
967 968
967 990
968 63
968 117
968 153
968 185
968 205
968 229
968 284
968 326
968 468
968 554
968 660
968 844
968 934
968 967
969 36
969 50
969 99
969 110
969 286
969 316
969 364
969 374
969 406
969 559
969 935
970 257
970 421
970 610
970 648
970 650
970 695
970 755
970 834
971 76
971 80
971 148
971 160
971 450
971 574
971 613
971 733
971 745
971 869
971 949
972 68
972 195
972 257
972 419
972 482
972 516
972 610
972 670
972 837
972 880
972 917
972 924
972 965
973 46
973 109
973 195
973 255
973 437
973 444
973 481
973 525
973 693
973 698
973 916
973 949
974 123
974 125
974 182
974 284
974 293
974 704
974 788
974 814
975 348
975 435
975 644
975 693
975 703
975 875
975 884
975 889
975 924
975 949
976 26
976 116
976 225
976 265
976 336
976 587
976 715
976 827
976 858
977 9
977 19
977 99
977 280
977 329
977 372
977 420
977 493
977 719
977 794
977 811
978 42
978 57
978 318
978 406
978 529
978 577
978 727
978 829
979 72
979 214
979 228
979 288
979 353
979 444
979 486
979 768
979 845
979 848
979 850
979 996
980 37
980 144
980 150
980 252
980 426
980 433
980 561
980 744
980 808
981 236
981 371
981 741
981 965
982 21
982 32
982 176
982 246
982 293
982 341
982 419
982 479
982 598
982 645
982 689
982 831
982 955
983 1
983 143
983 603
983 788
983 825
984 351
984 386
984 545
984 672
984 838
984 906
984 933
985 10
985 43
985 53
985 153
985 275
985 611
985 626
985 644
985 671
985 677
985 682
986 37
986 99
986 117
986 286
986 423
986 660
986 798
986 814
986 862
986 871
987 95
987 110
987 116
987 208
987 212
987 287
987 341
987 416
987 474
987 861
988 16
988 44
988 315
988 445
988 671
988 862
988 893
988 899
989 148
989 167
989 213
989 222
990 56
990 189
990 337
990 638
990 739
990 747
990 952
990 967
991 165
991 273
991 309
991 312
991 387
991 434
991 466
991 536
991 596
991 613
992 98
992 232
992 298
992 319
992 522
992 557
992 823
992 873
992 875
993 19
993 20
993 24
993 129
993 264
993 286
993 537
993 549
993 605
993 825
993 831
993 876
994 246
994 412
994 480
994 530
995 15
995 95
995 127
995 352
995 649
995 658
995 946
996 24
996 314
996 741
996 934
996 979
997 150
997 267
997 276
997 404
997 440
997 624
997 855
998 219
998 221
998 360
998 428
998 435
998 560
998 603
998 684
998 739
998 760
998 877
999 66
999 114
999 212
999 219
999 259
999 453
999 488
999 505
999 580
999 605
999 704
999 749
999 808
999 814